1111
1707
3055
12851
14226
1229
1577
7576
13023
14500
1309
1697
1790
2156
2178
2667
9465
10844
11052
11057
16194
1012
1260
1541
1654
2805
11724
15988
15990
18111
1003
1463
1966
2108
2193
2503
2579
2606
8394
9095
9461
10973
11726
11727
14607
1764
1920
2670
2839
4949
9012
10773
10816
17419
17626
1181
7568
10709
11723
11866
1259
2775
11050
1009
2747
15829
21756
8393
10250
10818
2439
15552
1000
1001
1008
2557
10171
10172
10430
10952
1471
17528
17472
3109
19237
1937
1947
16235
16236
17135
1563
1987
2206
2573
2631
17144
17406
17471
2096
2293
2589
7569
9084
10026
14502
15686
1149
1389
2468
2564
2583
7562
9205
1965
4963
11053
11722
13565
1244
9507
1543
2578
2563
10163
1681
1977
2526
2587
2605
6359
8320
2576
15953
10797
5337
1300
12015
11049
11054
11066
2110
2565
5430
9251
12865
1932
1912
9184
1904
11051
1010
1316
1427
2740
2941
4673
1110
1157
1193
1152
2577
2675
2750
2908
5355
5622
8958
15596
2562
2742
2914
2935
3009
10817
11021
11022
3046
11720
1330
2438
2558
2739
2741
2753
7287
9498
10699
10718
10757
10809
10869
10870
10871
10872
10950
10951
10998
11654
11718
14681
21611
7453
20061
21609
1941
2143
19238
1520
1915
1967
2665
3190
5052
11559
13913
15685
20056
2225
2470
5014
14719
20055
21608
16916
1475
16434
1743
1254
2644
21736
1388
24725
1969
1356
1076
1100
1919
2920
10953
11328
11719
23027
23303
2441
2442
2443
9316
11721
15781
17614
2440
10808
2475
2743
2754
4101
5338
9653
14645
1516
2571
14676
16932
17616
20209
22955
2146
4781
5427
19538
23061
1405
2344
16234
1325
1926
20207
1535
4358
11725
20438
7795
4396
1032
2748
20205
10804
13235
24510
1547
16503
5554
14003
1167
7579
2294
13549
14699
1972
14425
14501
15624
23305
2477
11478
10815
17478
1550
2845
6749
11283
15439
3003
5339
9654
10170
10926
11382
11942
15733
15962
15964
16170
17256
25083
16946
19236
12906
16964
20057
3584
9935
1013
2469
2608
5557
14503
14891
16928
17609
1446
1495
3107
4889
12849
14496
16948
20923
11048
11060
17086
18352
13414
17413
1924
4641
6996
2455
14499
12904
1913
1748
11656
1205
11576
14405
21966
24509
21964
23813